
solvelp called
creating new LP
Real Double Field
solvelp called
creating new LP
Real Double Field
added (0, 0, 0, 0, 0, 0)
kernel [0 1 0 0 0 0]
[0 0 1 0 0 0]
[0 0 0 1 0 0]
[0 0 0 0 1 0]
[0 0 0 0 0 1]
solvelp called
creating new LP
Real Double Field
added (0, 1, 0, 0, 0, 0)
added (0, 0, 1, 0, 0, 0)
solvelp called
creating new LP
Real Double Field
vmat [1 0 0|0]
[0 0 1|0]
[0 0 0|1]
[0 0 0|0]
[0 0 0|0]
[0 0 0|0]
kernel [0 0 0 1 0 0]
[0 0 0 0 1 0]
[0 0 0 0 0 1]
solvelp called
creating new LP
Real Double Field
added (1/2, 0, 0, 1/2, 0, 0)
solvelp called
creating new LP
Real Double Field
vmat [  1   0   0   0|1/2]
[  0   0   1   0|  0]
[  0   0   0   1|  0]
[  0   0   0   0|1/2]
[  0   0   0   0|  0]
[  0   0   0   0|  0]
kernel [0 0 0 0 1 0]
[0 0 0 0 0 1]
solvelp called
creating new LP
Real Double Field
added (1/2, 0, 0, 0, 1/2, 0)
solvelp called
creating new LP
Real Double Field
vmat [  1   0   0   0 1/2|1/2]
[  0   0   1   0   0|  0]
[  0   0   0   1   0|  0]
[  0   0   0   0 1/2|  0]
[  0   0   0   0   0|1/2]
[  0   0   0   0   0|  0]
kernel [0 0 0 0 0 1]
solvelp called
creating new LP
Real Double Field
added (1/4, 1/4, 1/4, 0, 0, 1/4)
DDA ((-1, -1, 0, 0, 0, 0, 0), (-1, 0, 0, 0, 0, 0, 0), (-1, 0, -1, 0, 0, 0, 0), (-1, 0, 0, -1, 0, 0, 0), (-1, -1/2, 0, 0, -1/2, 0, 0), (-1, -1/2, 0, 0, 0, -1/2, 0), (-1, -1/4, -1/4, -1/4, 0, 0, -1/4)) DDR ((0, -1, 0, 0, 1, 1, 1), (-1, 1, 1, 1, 1, 1, 1), (0, 0, -1, 0, 0, 0, 1), (0, 0, 0, -1, 0, 0, 1), (0, 0, 0, 0, -2, 0, 0), (0, 0, 0, 0, 0, -2, 0), (0, 0, 0, 0, 0, 0, -4))
terminalset set([])
test projfacet (-1, 0, 0, 1, 1, 1, 0, 0, 0, 0, 0, 0, 0, 0, 0, 0, 0, 0, 0, 0, 0, 0, 0, 0, 0, 0, 0, 0, 0, 0, 0, 0, 0, 0, 0, 0, 0, 0, 0, 0, 0, 0, 0, 0, 0, 0, 0, 0, 0, 0, 0, 0, 0, 0, 0, 0, 0, 0, 0, 0, 0, 0, 0, 0, 0, 0)
solvelp called
creating new LP
Real Double Field
opt (0, 0, 1/2, 1/2, 0, 0)
not terminal
ineq (0, 0, 1/2, 1/2, 0, 0)
ineq (-1, 0, 0, -1/2, -1/2, 0, 0)
<type 'sage.rings.rational.Rational'>
+ [(0, 0, 0, -1, 0, 0, 1), (0, 0, 0, 0, -2, 0, 0)]
- [(0, -1, 0, 0, 1, 1, 1)]
z [(-1, 1, 1, 1, 1, 1, 1), (0, 0, -1, 0, 0, 0, 1), (0, 0, 0, 0, 0, -2, 0), (0, 0, 0, 0, 0, 0, -4)]
rnew [(0, -1/2, 0, -1/2, 1/2, 1/2, 1), (0, -1, 0, 0, 0, 1, 1)]
DDA ((-1, -1, 0, 0, 0, 0, 0), (-1, 0, 0, 0, 0, 0, 0), (-1, 0, -1, 0, 0, 0, 0), (-1, 0, 0, -1, 0, 0, 0), (-1, -1/2, 0, 0, -1/2, 0, 0), (-1, -1/2, 0, 0, 0, -1/2, 0), (-1, -1/4, -1/4, -1/4, 0, 0, -1/4), (-1, 0, 0, -1/2, -1/2, 0, 0)) DDR ((0, 0, 0, -1, 0, 0, 1), (0, 0, 0, 0, -2, 0, 0), (-1, 1, 1, 1, 1, 1, 1), (0, 0, -1, 0, 0, 0, 1), (0, 0, 0, 0, 0, -2, 0), (0, 0, 0, 0, 0, 0, -4), (0, -1/2, 0, -1/2, 1/2, 1/2, 1), (0, -1, 0, 0, 0, 1, 1))
terminalset set([])
test projfacet (0, 0, -1, 0, 0, 1, 0, 0, 0, 0, 0, 0, 0, 0, 0, 0, 0, 0, 0, 0, 0, 0, 0, 0, 0, 0, 0, 0, 0, 0, 0, 0, 0, 0, 0, 0, 0, 0, 0, 0, 0, 0, 0, 0, 0, 0, 0, 0, 0, 0, 0, 0, 0, 0, 0, 0, 0, 0, 0, 0, 0, 0, 0, 0, 0, 0)
solvelp called
creating new LP
Real Double Field
opt (0, 0, 0, 0, 0, 0)
terminal
permfacet=terminal (0, 0, 0, -1, 0, 0, 1)
permfacet=terminal (0, 0, -1, 0, 0, 0, 1)
test projfacet (0, 0, 0, -2, 0, 0, 0, 0, 0, 0, 0, 0, 0, 0, 0, 0, 0, 0, 0, 0, 0, 0, 0, 0, 0, 0, 0, 0, 0, 0, 0, 0, 0, 0, 0, 0, 0, 0, 0, 0, 0, 0, 0, 0, 0, 0, 0, 0, 0, 0, 0, 0, 0, 0, 0, 0, 0, 0, 0, 0, 0, 0, 0, 0, 0, 0)
solvelp called
creating new LP
Real Double Field
opt (0, 0, 0, 0, 0, 0)
terminal
permfacet=terminal (0, 0, 0, 0, -2, 0, 0)
permfacet=terminal (0, 0, 0, 0, -2, 0, 0)
test projfacet (1, 1, 1, 1, 1, 1, 0, 0, 0, 0, 0, 0, 0, 0, 0, 0, 0, 0, 0, 0, 0, 0, 0, 0, 0, 0, 0, 0, 0, 0, 0, 0, 0, 0, 0, 0, 0, 0, 0, 0, 0, 0, 0, 0, 0, 0, 0, 0, 0, 0, 0, 0, 0, 0, 0, 0, 0, 0, 0, 0, 0, 0, 0, 0, 0, 0)
solvelp called
creating new LP
Real Double Field
opt (0, 1, 0, 0, 0, 0)
terminal
permfacet=terminal (-1, 1, 1, 1, 1, 1, 1)
permfacet=terminal (-1, 1, 1, 1, 1, 1, 1)
test projfacet (0, 0, 0, 0, -2, 0, 0, 0, 0, 0, 0, 0, 0, 0, 0, 0, 0, 0, 0, 0, 0, 0, 0, 0, 0, 0, 0, 0, 0, 0, 0, 0, 0, 0, 0, 0, 0, 0, 0, 0, 0, 0, 0, 0, 0, 0, 0, 0, 0, 0, 0, 0, 0, 0, 0, 0, 0, 0, 0, 0, 0, 0, 0, 0, 0, 0)
solvelp called
creating new LP
Real Double Field
opt (0, 0, 0, 0, 0, 0)
terminal
permfacet=terminal (0, 0, 0, 0, 0, -2, 0)
permfacet=terminal (0, 0, 0, 0, 0, -2, 0)
test projfacet (0, 0, 0, 0, 0, -4, 0, 0, 0, 0, 0, 0, 0, 0, 0, 0, 0, 0, 0, 0, 0, 0, 0, 0, 0, 0, 0, 0, 0, 0, 0, 0, 0, 0, 0, 0, 0, 0, 0, 0, 0, 0, 0, 0, 0, 0, 0, 0, 0, 0, 0, 0, 0, 0, 0, 0, 0, 0, 0, 0, 0, 0, 0, 0, 0, 0)
solvelp called
creating new LP
Real Double Field
opt (0, 0, 0, 0, 0, 0)
terminal
permfacet=terminal (0, 0, 0, 0, 0, 0, -4)
permfacet=terminal (0, 0, 0, 0, 0, 0, -4)
test projfacet (-1/2, 0, -1/2, 1/2, 1/2, 1, 0, 0, 0, 0, 0, 0, 0, 0, 0, 0, 0, 0, 0, 0, 0, 0, 0, 0, 0, 0, 0, 0, 0, 0, 0, 0, 0, 0, 0, 0, 0, 0, 0, 0, 0, 0, 0, 0, 0, 0, 0, 0, 0, 0, 0, 0, 0, 0, 0, 0, 0, 0, 0, 0, 0, 0, 0, 0, 0, 0)
solvelp called
creating new LP
Real Double Field
opt (0, 1/2, 0, 1/2, 0, 0)
not terminal
ineq (0, 1/2, 0, 1/2, 0, 0)
ineq (-1, 0, -1/2, 0, -1/2, 0, 0)
<type 'sage.rings.rational.Rational'>
+ [(0, 0, 0, 0, -2, 0, 0), (0, 0, -1, 0, 0, 0, 1)]
- [(0, -1/2, 0, -1/2, 1/2, 1/2, 1)]
z [(0, 0, 0, -1, 0, 0, 1), (-1, 1, 1, 1, 1, 1, 1), (0, 0, 0, 0, 0, -2, 0), (0, 0, 0, 0, 0, 0, -4), (0, -1, 0, 0, 0, 1, 1)]
rnew [(0, -1/4, -1/4, -1/4, 1/4, 1/4, 3/4)]
DDA ((-1, -1, 0, 0, 0, 0, 0), (-1, 0, 0, 0, 0, 0, 0), (-1, 0, -1, 0, 0, 0, 0), (-1, 0, 0, -1, 0, 0, 0), (-1, -1/2, 0, 0, -1/2, 0, 0), (-1, -1/2, 0, 0, 0, -1/2, 0), (-1, -1/4, -1/4, -1/4, 0, 0, -1/4), (-1, 0, 0, -1/2, -1/2, 0, 0), (-1, 0, -1/2, 0, -1/2, 0, 0)) DDR ((0, 0, 0, 0, -2, 0, 0), (0, 0, -1, 0, 0, 0, 1), (0, 0, 0, -1, 0, 0, 1), (-1, 1, 1, 1, 1, 1, 1), (0, 0, 0, 0, 0, -2, 0), (0, 0, 0, 0, 0, 0, -4), (0, -1, 0, 0, 0, 1, 1), (0, -1/4, -1/4, -1/4, 1/4, 1/4, 3/4))
terminalset set([(-1, 1, 1, 1, 1, 1, 1), (0, 0, 0, 0, 0, -2, 0), (0, 0, 0, 0, -2, 0, 0), (0, 0, -1, 0, 0, 0, 1), (0, 0, 0, -1, 0, 0, 1), (0, 0, 0, 0, 0, 0, -4)])
test projfacet (-1, 0, 0, 0, 1, 1, 0, 0, 0, 0, 0, 0, 0, 0, 0, 0, 0, 0, 0, 0, 0, 0, 0, 0, 0, 0, 0, 0, 0, 0, 0, 0, 0, 0, 0, 0, 0, 0, 0, 0, 0, 0, 0, 0, 0, 0, 0, 0, 0, 0, 0, 0, 0, 0, 0, 0, 0, 0, 0, 0, 0, 0, 0, 0, 0, 0)
solvelp called
creating new LP
Real Double Field
opt (0, 1/3, 1/3, 0, 1/3, 0)
not terminal
ineq (0, 1/3, 1/3, 0, 1/3, 0)
ineq (-1, 0, -1/3, -1/3, 0, -1/3, 0)
<type 'sage.rings.rational.Rational'>
+ [(0, 0, -1, 0, 0, 0, 1), (0, 0, 0, -1, 0, 0, 1), (0, 0, 0, 0, 0, -2, 0), (0, -1/4, -1/4, -1/4, 1/4, 1/4, 3/4)]
- [(0, -1, 0, 0, 0, 1, 1)]
z [(0, 0, 0, 0, -2, 0, 0), (-1, 1, 1, 1, 1, 1, 1), (0, 0, 0, 0, 0, 0, -4)]
rnew [(0, -1/3, -1/3, 0, 0, 1/3, 2/3), (0, -1/3, 0, -1/3, 0, 1/3, 2/3), (0, -2/3, 0, 0, 0, 0, 2/3), (0, -1/6, -1/12, -1/12, 1/12, 1/6, 1/3)]
DDA ((-1, -1, 0, 0, 0, 0, 0), (-1, 0, 0, 0, 0, 0, 0), (-1, 0, -1, 0, 0, 0, 0), (-1, 0, 0, -1, 0, 0, 0), (-1, -1/2, 0, 0, -1/2, 0, 0), (-1, -1/2, 0, 0, 0, -1/2, 0), (-1, -1/4, -1/4, -1/4, 0, 0, -1/4), (-1, 0, 0, -1/2, -1/2, 0, 0), (-1, 0, -1/2, 0, -1/2, 0, 0), (-1, 0, -1/3, -1/3, 0, -1/3, 0)) DDR ((0, 0, -1, 0, 0, 0, 1), (0, 0, 0, -1, 0, 0, 1), (0, 0, 0, 0, 0, -2, 0), (0, -1/4, -1/4, -1/4, 1/4, 1/4, 3/4), (0, 0, 0, 0, -2, 0, 0), (-1, 1, 1, 1, 1, 1, 1), (0, 0, 0, 0, 0, 0, -4), (0, -1/3, -1/3, 0, 0, 1/3, 2/3), (0, -1/3, 0, -1/3, 0, 1/3, 2/3), (0, -2/3, 0, 0, 0, 0, 2/3), (0, -1/6, -1/12, -1/12, 1/12, 1/6, 1/3))
terminalset set([(-1, 1, 1, 1, 1, 1, 1), (0, 0, 0, 0, 0, -2, 0), (0, 0, 0, 0, -2, 0, 0), (0, 0, -1, 0, 0, 0, 1), (0, 0, 0, -1, 0, 0, 1), (0, 0, 0, 0, 0, 0, -4)])
test projfacet (-1/4, -1/4, -1/4, 1/4, 1/4, 3/4, 0, 0, 0, 0, 0, 0, 0, 0, 0, 0, 0, 0, 0, 0, 0, 0, 0, 0, 0, 0, 0, 0, 0, 0, 0, 0, 0, 0, 0, 0, 0, 0, 0, 0, 0, 0, 0, 0, 0, 0, 0, 0, 0, 0, 0, 0, 0, 0, 0, 0, 0, 0, 0, 0, 0, 0, 0, 0, 0, 0)
solvelp called
creating new LP
Real Double Field
opt (0, 0, 0, 0, 0, 0)
terminal
permfacet=terminal (0, -1/4, -1/4, -1/4, 1/4, 1/4, 3/4)
permfacet=terminal (0, -1/4, -1/4, -1/4, 1/4, 1/4, 3/4)
test projfacet (-1/3, -1/3, 0, 0, 1/3, 2/3, 0, 0, 0, 0, 0, 0, 0, 0, 0, 0, 0, 0, 0, 0, 0, 0, 0, 0, 0, 0, 0, 0, 0, 0, 0, 0, 0, 0, 0, 0, 0, 0, 0, 0, 0, 0, 0, 0, 0, 0, 0, 0, 0, 0, 0, 0, 0, 0, 0, 0, 0, 0, 0, 0, 0, 0, 0, 0, 0, 0)
solvelp called
creating new LP
Real Double Field
opt (0, 0, 0, 0, 0, 0)
terminal
permfacet=terminal (0, -1/3, -1/3, 0, 0, 1/3, 2/3)
permfacet=terminal (0, -1/3, 0, -1/3, 0, 1/3, 2/3)
test projfacet (-2/3, 0, 0, 0, 0, 2/3, 0, 0, 0, 0, 0, 0, 0, 0, 0, 0, 0, 0, 0, 0, 0, 0, 0, 0, 0, 0, 0, 0, 0, 0, 0, 0, 0, 0, 0, 0, 0, 0, 0, 0, 0, 0, 0, 0, 0, 0, 0, 0, 0, 0, 0, 0, 0, 0, 0, 0, 0, 0, 0, 0, 0, 0, 0, 0, 0, 0)
solvelp called
creating new LP
Real Double Field
opt (0, 0, 0, 0, 0, 0)
terminal
permfacet=terminal (0, -2/3, 0, 0, 0, 0, 2/3)
permfacet=terminal (0, -2/3, 0, 0, 0, 0, 2/3)
test projfacet (-1/6, -1/12, -1/12, 1/12, 1/6, 1/3, 0, 0, 0, 0, 0, 0, 0, 0, 0, 0, 0, 0, 0, 0, 0, 0, 0, 0, 0, 0, 0, 0, 0, 0, 0, 0, 0, 0, 0, 0, 0, 0, 0, 0, 0, 0, 0, 0, 0, 0, 0, 0, 0, 0, 0, 0, 0, 0, 0, 0, 0, 0, 0, 0, 0, 0, 0, 0, 0, 0)
solvelp called
creating new LP
Real Double Field
opt (0, 0, 0, 0, 0, 0)
terminal
permfacet=terminal (0, -1/6, -1/12, -1/12, 1/12, 1/6, 1/3)
permfacet=terminal (0, -1/6, -1/12, -1/12, 1/12, 1/6, 1/3)
